1   1	161.44  
1   2   199.50	 
1   3   215.707
1   4	224.58
1   5 	230.161
1   6	233.986
1   7	236.768
1   8	238.882
1   9	240.543
1   10	241.881
1   12	243.906
1   15	245.949	
1   20  248.013
1   24	249.051
1   30	250.095
1   40	251.143
1   60	252.195
1   120	253.252	
2   1	18.512
2   2	19.000	
2   3   19.164	
2   4   19.246
2   5	19.2964
2   6	19.329
2   7	19.353
2   8	19.3710
2   9	19.3848
2   10	19.3959
1   12	19.4125
2   15	19.4291
2   20	19.4458
2   24	19.4541
2   30	19.4624
2   40	19.4707
2   60	19.4791
2   120	19.4874	
3   1	10.1280
3   2	9.5521
3   3	9.2766  
3   4	9.1172
3   5	9.0135
3   6	8.9406
3   7	8.8867
3   8	8.8452
3   9	8.8123
3   10	8.7855
3   12	8.7446
3   15	8.7029
3   20	8.6602
3   24	8.6385
3   30	8.6166
3   40	8.5944
3   60	8.5720
3   120	8.5494	
4   1	7.7086
4   2	6.9443
4   3	6.5914
4   4	6.3882
4   5	6.2561
4   6	6.1631
4   7	6.0942
4   8	6.0410
4   9	5.9988
4   10	5.9644
4   12	5.9117
4   15	5.8578
4   20	5.8025
4   24	5.7744
4   30	5.7459
4   40	5.7170
4   60	5.6877	
4   120 5.6581	
5   1	6.6079
5   2	5.7861
5   3	5.4095	
5   4   5.1922	
5   5   5.0503	
5   6   4.9503	
5   7   4.8759	
5   8   4.8183
5   9 	4.7725	
5   10  4.7351	
5   12  4.6777	
5   16  4.6188	
5   20  4.5581	
5   24  4.5272	
5   30  4.4957	
5   40  4.4638	
5   60  4.4314	
5   120 4.3985	 
6   1	5.9874
6   2	5.1433	
6   3   4.7571
6   4	4.5337
6   5	4.3874
6   6   4.2839
6   7	4.2067	
6   8   4.1468
6   9	4.0990
6   10	4.0600
6   12	3.9999
6   15	3.9381	
6   20  3.8742	
6   24  3.8415	
6   30  3.8082	
6   40  3.7743	
6   60  3.7398	
6   120 3.7047	
7   1	5.5914
7   2	4.7374
7   3	4.3468	
7   4   4.1203	
7   5   3.9715	
7   6   3.8660	
7   7   3.7870
7   8  	3.7257
7   9	3.6767
7   10	3.6365
7   12	3.5747
7   15	3.5107
7   20	3.4445
7   24	3.4105
7   30	3.3758
7   40	3.3404
7   60	3.3043
7   120	3.2674	
8   1	5.3177
8   2	4.4590
8   3	4.0662
8   4	3.8379
8   5	3.6875
8   6	3.5806
8   7	3.5005
8   8  	3.4381	
8   9   3.3881
8   10	3.3472
8   12	3.2839
8   15	3.2184
8   20	3.1503
8   24	3.1152
8   30	3.0794
8   40	3.0428
8   60	3.0053
8   120	2.9669	
9   1	5.1174
9   2	4.2565	
9   3   3.8625	
9   4   3.6331	
9   5   3.4817
9   6	3.3738
9   7	3.2927
9   8	3.2296
9   9	3.1789
9   10	3.1373
9   12	3.0729	
9   15  3.0061	
9   20  2.9365	
9   24  2.9005	
9   30  2.8637	
9   40  2.8259
9   60	2.7872	
9   120 2.7475	
10  1	4.9646
10  2	4.1028
10  3	3.7083
10  4	3.4780
10  5	3.3258
10  6	3.2172
10  7	3.1355
10  8	3.0717
10  9	3.0204
10  10	2.9782
10  12	2.9130
10  15	2.8450
10  20	2.7740
10  24	2.7372
10  30	2.6996
10  40	2.6609
10  60	2.6211
10  120	2.5801	
11  1	4.8443
11  2	3.9823	
11  3   3.5874
11  4	3.3567	
11  5   3.2039	
11  6   3.0946	
11  7   3.0123	
11  8   2.9480	
11  9   2.8962	
11  10  2.8536
11  12 	2.7876
11  15	2.7186
11  20	2.6464
11  24	2.6090
11  30	2.5705
11  40	2.5309
11  60	2.4901
11  120	2.4480	
12  1	4.7472
12  2	3.8853
12  3	3.4903
12  4	3.2592
12  5	3.1059
12  6	2.9961
12  7	2.9134
12  8	2.8486
12  9	2.7964
12  10	2.7534
12  12	2.6866
12  15	2.6169
12  20	2.5436
12  24	2.5055
12  30	2.4663
12  40	2.4259
12  60	2.3842
12  120	2.3410	
13  1	4.6672	
13  2   3.8056	
13  3   3.4105	
13  4   3.1791	
13  5   3.0254
13  6	2.9153
13  7	2.8321
13  8	2.7669
13  9	2.7144
13  10	2.6710
13  12	2.6037
13  15	2.5331
13  20	2.4589
13  24	2.4202
13  30	2.3803
13  40 	2.3392
13  60	2.2966
13  120	2.2524	
14  1	4.6001	
14  2   3.7389	
14  3   3.3439	
14  4   3.1122
14  5	2.9582	
14  6   2.8477	
14  7   2.7642	
14  8   2.6987
14  9  	2.6458
14  10	2.6022
14  12	2.5342
14  15	2.4630	
14  20  2.3879
14  24	2.3487
14  30	2.3082
14  40	2.2664
14  60	2.2229
14  120	2.1778	
15  1	4.5431	
15  2   3.6823
15  3	3.2874
15  4	3.0556
15  5	2.9013
15  6	2.7905
15  7	2.7066
15  8	2.6408
15  9	2.5876	
15  10  2.5437	
15  12  2.4753	
15  15  2.4034
15  20 	2.3275
15  24	2.2878
15  30	2.2468
15  40	2.2043
15  60	2.1601
15  120	2.1141	 
16  1	4.4940	
16  2   3.6337
16  3	3.2389
16  4	3.0069
16  5	2.8524
16  6	2.7413
16  7	2.6572
16  8	2.5911
16  9	2.5377
16  10	2.4935
16  12	2.4247
16  15	2.3522
16  20	2.2756
16  24	2.2354
16  30	2.1938	
16  40  2.1507	
16  60  2.1058	
16  120 2.0589	
17  1	4.4513	
17  2   3.5915	
17  3   3.1968	
17  4   2.9647
17  5	2.8100
17  6	2.6987
17  7	2.6143
17  8	2.5480
17  9	2.4943	
17  10  2.4499	
17  12  2.3807	
17  15  2.3077	
17  20  2.2304	
17  24  2.1898
17  30 	2.1477
17  40	2.1040
17  60	2.0584
17  120	2.0107	
18  1	4.4139
18  2	3.5546
18  3	3.1599
18  4	2.9277
18  5	2.7729
18  6	2.6613
18  7	2.5767
18  8	2.5102
18  9	2.4563
18  10	2.4117
18  12	2.3421
18  15	2.2686
18  20	2.1906
18  24	2.1497
18  30	2.1071
18  40	2.0629
18  60	2.0166	
18  120 1.9681	
19  1	4.3807	
19  2   3.5219	
19  3   3.1274
19  4	2.8951
19  5	2.7401
19  6	2.6283
19  7	2.5435
19  8	2.4768
19  9	2.4227
19  10	2.3779
19  12	2.3080	
19  15  2.2341
19  20 	2.1555
19  24	2.1141
19  30	2.0712
19  40	2.0264
10  60	1.9795
19  120	1.9302	
20  1	4.3512	
20  2   3.4928	
20  3   3.0984	
20  4   2.8661
20  5	2.7109
20  6	2.5990
20  7	2.5140
20  8	2.4471
20  9	2.3928
20  10	2.3479
20  12	2.2776
20  15	2.2033
20  20	2.1242
20  24	2.0825
20  30	2.0391
20  40	1.9938	
20  60  1.9464
20  120	1.8963	
21  1	4.3248	
21  2   3.4668	
21  3   3.0725
21  4	2.8401
21  5	2.6848
21  6	2.5727
21  7	2.4876
21  8	2.4205
21  9	2.3660
21  10	2.3210
21  12	2.2504	
21  15  2.1757	
21  20  2.0960
21  24	2.0540
21  30	2.0102
21  40	1.9645
21  60	1.9165
21  120	1.8657	
22  1	4.3009	
22  2   3.4434	
22  3   3.0491
22  4	2.8167
22  5	2.6613
22  6	2.5491
22  7	2.4638
22  8	2.3965
22  9	2.3419
22  10	2.2967
22  12	2.2258
22  15	2.1508
22  20	2.0707
22  24	2.0283
22  30	1.9842
22  40	1.9380
22  60	1.8894
22  120	1.8380	
23  1	4.2793	
23  2   3.4221	
23  3   3.0280
23  4	2.7955
23  5	2.6400
23  6	2.5277
23  7	2.4422
23  8	2.3748	
23  9   2.3201
23  10	2.2747
23  12	2.2036
23  15	2.1282
23  20	2.0476
23  24	2.0050
23  30	1.9605
23  40	1.9139
23  60	1.8648
23  120	1.8128	
24  1	4.2597
24  2	3.4028
24  3	3.0088
24  4	2.7763
24  5	2.6207
24  6	2.5082
24  7	2.4226
24  8	2.3551
24  9	2.3002
24  10	2.2547
24  12	2.1834
24  15	2.1077
24  20	2.0267
24  24	1.9838
24  30	1.9390
24  40	1.8920
24  60	1.8424
24  120	1.7896	
25  1	4.2417
25  2	3.3852
25  3	2.9912
25  4	2.7587
25  5	2.6030
25  6	2.4904
25  7	2.4047
25  8	2.3371
25  9	2.2821
25  10	2.2365
25  12	2.1649
25  15	2.0889
25  20	2.0075
25  24	1.9643
25  30	1.9192
25  40	1.8718
25  60	1.8217	
25  120 1.7684	
26  1	4.2252
26  2	3.3690
26  3	2.9752
26  4	2.7426
26  5	2.5868
26  6	2.4741
26  7	2.3883
26  8	2.3205
26  9	2.2655
26  10	2.2197
26  12	2.1479
26  15	2.0716
26  20	1.9898
26  24	1.9464	
26  30  1.9010	
26  40  1.8533
26  60	1.8027
26  120	1.7488
27  1	4.2100
27  2	3.3541	
27  3   2.9604	
27  4   2.7278	
27  5   2.5719
27  6	2.4591
27  7	2.3732
27  8	2.3053
27  9	2.2501
27  10	2.2043
27  12	2.1323
27  15	2.0558
27  20	1.9736
27  24	1.9299
27  30	1.8842
27  40	1.8361
27  60	1.7851
27  120	1.7306	
28  1	4.1960
28  2	3.3404
28  3	2.9467
28  4	2.7141
28  5	2.5581
28  6	2.4453
28  7	2.3593
28  8	2.2913
28  9	2.2360
28  10	2.1900
28  12	2.1179
28  15	2.0411
28  20	1.9586
28  24	1.9147
28  30	1.8687
28  40	1.8203
28  60	1.7689
28  120	1.7138	
29  1	4.1830	
29  2   3.3277
29  3	2.9340
29  4	2.7014
29  5	2.5454
29  6	2.4324
29  7	2.3463
29  8	2.2783
29  9	2.2229
29  10	2.1768
29  12	2.1045
29  15	2.0275
29  20	1.9446
29  24	1.9005
29  30	1.8543
29  40	1.8055
29  60	1.7537
29  120	1.6981	
30  1	4.1709	
30  2   3.3158
30  3	2.9223
30  4	2.6896
30  5	2.5336
30  6	2.4205
30  7	2.3343
30  8	2.2662
30  9	2.2107
30  10	2.1646
30  12	2.0921
30  15	2.0148
30  20	1.9317
30  24	1.8874
30  30	1.8409
30  40	1.7918
30  60	1.7396
30  120	1.6835	
40  1	4.0847	
40  2   3.2317
40  3	2.8387
40  4	2.6060
40  5	2.4495
40  6	2.3359
40  7	2.2490
40  8	2.1802
40  9	2.1240
40  10	2.0772
40  12	2.0035
40  15	1.9245
40  20	1.8389
40  24	1.7929
40  30	1.7444
40  40	1.6928
40  60	1.6373
40  120	1.5766	
60  1	4.0012	
60  2   3.1504	
60  3   2.7581	
60  4   2.5252	
60  5   2.3683
60  6	2.2541
60  7	2.1665
60  8	2.0970
60  9	2.0401
60  10	1.9926
60  12	1.9174
60  15	1.8364
60  20	1.7480
60  24	1.7001
60  30	1.6491	
60  40  1.5943
60  60	1.5343
60  120	1.4673	
120 1	3.9201	
120 2   3.0718	
120 3   2.6802
120 4	2.4472	
120 5   2.2899	
120 6   2.1750	
120 7   2.0868	
120 8   2.0164	
120 9   1.9588	
120 10  1.9105
120 12	1.8337
120 15	1.7505
120 20	1.6587
120 24	1.6084
120 30	1.5543	
120 40  1.4952	
120 60  1.4290	
120 120 1.3519	       
